origin: (77, 329)
vertical axis point：
text: 700, coordinate: (77, 179)
text: 100, coordinate: (77, 279)
Py: 6.000000
horizontal axis point：
text: 5, coordinate: (189, 329)
text: 15, coordinate: (337, 329)
Px: 0.067568